zone.tring:
  radius: 600
zone.london:
  latitude: 51.5077439
  longitude: -0.1245964
  radius: 7000
zone.work:
  latitude: 51.5236013
  longitude: -0.0853201
  radius: 50
zone.home:
  latitude: 51.826841
  longitude: -0.636825
  radius: 100